-5.65625 5.625 0.0566406 0.046875
-5.65625 5.67188 0.0566406 0.046875
-5.59961 5.625 0.0566406 0.046875
-5.59961 5.67188 0.0566406 0.046875
-5.59961 5.71875 0.0566406 0.046875
-5.59961 5.76563 0.0566406 0.046875
-5.54297 5.71875 0.0566406 0.046875
-5.54297 5.76563 0.0566406 0.046875
-5.54297 5.8125 0.0566406 0.046875
-5.54297 5.85938 0.0566406 0.046875
-5.48633 5.8125 0.0566406 0.046875
-5.48633 5.85938 0.0566406 0.046875
-5.48633 5.90625 0.0566406 0.046875
-5.48633 5.95313 0.0566406 0.046875
-5.42969 5.8125 0.0566406 0.046875
-5.42969 5.85938 0.0566406 0.046875
-5.42969 5.90625 0.0566406 0.046875
-5.42969 5.95313 0.0566406 0.046875
-5.37305 5.90625 0.0566406 0.046875
-5.37305 5.95313 0.0566406 0.046875
-5.31641 5.90625 0.0566406 0.046875
-5.31641 5.95313 0.0566406 0.046875
-5.42969 6 0.0566406 0.046875
-5.42969 6.04688 0.0566406 0.046875
-5.37305 6 0.0566406 0.046875
-5.37305 6.04688 0.0566406 0.046875
-5.37305 6.09375 0.0566406 0.046875
-5.37305 6.14063 0.0566406 0.046875
-5.31641 6 0.0566406 0.046875
-5.31641 6.04688 0.0566406 0.046875
-5.25977 6 0.0566406 0.046875
-5.25977 6.04688 0.0566406 0.046875
-5.31641 6.09375 0.0566406 0.046875
-5.31641 6.14063 0.0566406 0.046875
-5.31641 6.1875 0.0566406 0.046875
-5.31641 6.23438 0.0566406 0.046875
-5.25977 6.1875 0.0566406 0.046875
-5.25977 6.23438 0.0566406 0.046875
-5.25977 6.28125 0.0566406 0.046875
-5.25977 6.32813 0.0566406 0.046875
-5.20313 6 0.0566406 0.046875
-5.20313 6.04688 0.0566406 0.046875
-5.20313 6.09375 0.0566406 0.046875
-5.20313 6.14063 0.0566406 0.046875
-5.14648 6.09375 0.0566406 0.046875
-5.14648 6.14063 0.0566406 0.046875
-5.08984 6.09375 0.0566406 0.046875
-5.08984 6.14063 0.0566406 0.046875
-5.20313 6.28125 0.0566406 0.046875
-5.20313 6.32813 0.0566406 0.046875
-5.08984 6.1875 0.0566406 0.046875
-5.08984 6.23438 0.0566406 0.046875
-5.0332 6.1875 0.0566406 0.046875
-5.0332 6.23438 0.0566406 0.046875
-4.97656 6.1875 0.0566406 0.046875
-4.97656 6.23438 0.0566406 0.046875
-4.97656 6.28125 0.0566406 0.046875
-4.97656 6.32813 0.0566406 0.046875
-4.91992 6.28125 0.0566406 0.046875
-4.91992 6.32813 0.0566406 0.046875
-4.86328 6.28125 0.0566406 0.046875
-4.86328 6.32813 0.0566406 0.046875
-5.20313 6.375 0.0566406 0.046875
-5.20313 6.42188 0.0566406 0.046875
-5.14648 6.375 0.0566406 0.046875
-5.14648 6.42188 0.0566406 0.046875
-5.14648 6.46875 0.0566406 0.046875
-5.14648 6.51563 0.0566406 0.046875
-5.08984 6.46875 0.0566406 0.046875
-5.08984 6.51563 0.0566406 0.046875
-5.08984 6.5625 0.0566406 0.046875
-5.08984 6.60938 0.0566406 0.046875
-5.0332 6.5625 0.0566406 0.046875
-5.0332 6.60938 0.0566406 0.046875
-5.0332 6.65625 0.0566406 0.046875
-5.0332 6.70313 0.0566406 0.046875
-4.86328 6.375 0.0566406 0.046875
-4.86328 6.42188 0.0566406 0.046875
-4.80664 6.375 0.0566406 0.046875
-4.80664 6.42188 0.0566406 0.046875
-4.97656 6.65625 0.0566406 0.046875
-4.97656 6.70313 0.0566406 0.046875
-4.97656 6.75 0.0566406 0.046875
-4.97656 6.79688 0.0566406 0.046875
-4.91992 6.75 0.0566406 0.046875
-4.91992 6.79688 0.0566406 0.046875
-4.86328 6.75 0.0566406 0.046875
-4.86328 6.79688 0.0566406 0.046875
-4.86328 6.84375 0.0566406 0.046875
-4.86328 6.89063 0.0566406 0.046875
-4.80664 6.84375 0.0566406 0.046875
-4.80664 6.89063 0.0566406 0.046875
-4.80664 6.9375 0.0566406 0.046875
-4.80664 6.98438 0.0566406 0.046875
-4.75 6.375 0.0566406 0.046875
-4.75 6.42188 0.0566406 0.046875
-4.75 6.46875 0.0566406 0.046875
-4.75 6.51563 0.0566406 0.046875
-4.69336 6.46875 0.0566406 0.046875
-4.69336 6.51563 0.0566406 0.046875
-4.63672 6.46875 0.0566406 0.046875
-4.63672 6.51563 0.0566406 0.046875
-4.58008 6.46875 0.0566406 0.046875
-4.58008 6.51563 0.0566406 0.046875
-4.58008 6.5625 0.0566406 0.046875
-4.58008 6.60938 0.0566406 0.046875
-4.52344 6.5625 0.0566406 0.046875
-4.52344 6.60938 0.0566406 0.046875
-4.4668 6.5625 0.0566406 0.046875
-4.4668 6.60938 0.0566406 0.046875
-4.4668 6.65625 0.0566406 0.046875
-4.4668 6.70313 0.0566406 0.046875
-4.41016 6.65625 0.0566406 0.046875
-4.41016 6.70313 0.0566406 0.046875
-4.35352 6.65625 0.0566406 0.046875
-4.35352 6.70313 0.0566406 0.046875
-4.29688 6.65625 0.0566406 0.046875
-4.29688 6.70313 0.0566406 0.046875
-4.75 6.9375 0.0566406 0.046875
-4.75 6.98438 0.0566406 0.046875
-4.75 7.03125 0.0566406 0.046875
-4.75 7.07813 0.0566406 0.046875
-4.69336 7.03125 0.0566406 0.046875
-4.69336 7.07813 0.0566406 0.046875
-4.69336 7.125 0.0566406 0.046875
-4.69336 7.17188 0.0566406 0.046875
-4.63672 7.125 0.0566406 0.046875
-4.63672 7.17188 0.0566406 0.046875
-4.63672 7.21875 0.0566406 0.046875
-4.63672 7.26563 0.0566406 0.046875
-4.58008 7.21875 0.0566406 0.046875
-4.58008 7.26563 0.0566406 0.046875
-4.52344 7.21875 0.0566406 0.046875
-4.52344 7.26563 0.0566406 0.046875
-4.52344 7.3125 0.0566406 0.046875
-4.52344 7.35938 0.0566406 0.046875
-4.4668 7.3125 0.0566406 0.046875
-4.4668 7.35938 0.0566406 0.046875
-4.4668 7.40625 0.0566406 0.046875
-4.4668 7.45313 0.0566406 0.046875
-4.41016 7.40625 0.0566406 0.046875
-4.41016 7.45313 0.0566406 0.046875
-4.29688 6.75 0.0566406 0.046875
-4.29688 6.79688 0.0566406 0.046875
-4.24023 6.75 0.0566406 0.046875
-4.24023 6.79688 0.0566406 0.046875
-4.18359 6.75 0.0566406 0.046875
-4.18359 6.79688 0.0566406 0.046875
-4.18359 6.84375 0.0566406 0.046875
-4.18359 6.89063 0.0566406 0.046875
-4.12695 6.84375 0.0566406 0.046875
-4.12695 6.89063 0.0566406 0.046875
-4.07031 6.84375 0.0566406 0.046875
-4.07031 6.89063 0.0566406 0.046875
-4.01367 6.84375 0.0566406 0.046875
-4.01367 6.89063 0.0566406 0.046875
-4.01367 6.9375 0.0566406 0.046875
-4.01367 6.98438 0.0566406 0.046875
-3.95703 6.9375 0.0566406 0.046875
-3.95703 6.98438 0.0566406 0.046875
-3.90039 6.9375 0.0566406 0.046875
-3.90039 6.98438 0.0566406 0.046875
-3.84375 6.9375 0.0566406 0.046875
-3.84375 6.98438 0.0566406 0.046875
-3.84375 7.03125 0.0566406 0.046875
-3.84375 7.07813 0.0566406 0.046875
-3.78711 7.03125 0.0566406 0.046875
-3.78711 7.07813 0.0566406 0.046875
-3.73047 7.03125 0.0566406 0.046875
-3.73047 7.07813 0.0566406 0.046875
-3.67383 7.03125 0.0566406 0.046875
-3.67383 7.07813 0.0566406 0.046875
-3.67383 7.125 0.0566406 0.046875
-3.67383 7.17188 0.0566406 0.046875
-3.61719 7.125 0.0566406 0.046875
-3.61719 7.17188 0.0566406 0.046875
-3.56055 7.125 0.0566406 0.046875
-3.56055 7.17188 0.0566406 0.046875
-3.50391 7.125 0.0566406 0.046875
-3.50391 7.17188 0.0566406 0.046875
-3.50391 7.21875 0.0566406 0.046875
-3.50391 7.26563 0.0566406 0.046875
-3.44727 7.21875 0.0566406 0.046875
-3.44727 7.26563 0.0566406 0.046875
-3.39063 7.21875 0.0566406 0.046875
-3.39063 7.26563 0.0566406 0.046875
-3.33398 7.21875 0.0566406 0.046875
-3.33398 7.26563 0.0566406 0.046875
-3.27734 7.21875 0.0566406 0.046875
-3.27734 7.26563 0.0566406 0.046875
-3.27734 7.3125 0.0566406 0.046875
-3.27734 7.35938 0.0566406 0.046875
-3.2207 7.3125 0.0566406 0.046875
-3.2207 7.35938 0.0566406 0.046875
-3.16406 7.3125 0.0566406 0.046875
-3.16406 7.35938 0.0566406 0.046875
-3.10742 7.3125 0.0566406 0.046875
-3.10742 7.35938 0.0566406 0.046875
-3.05078 7.3125 0.0566406 0.046875
-3.05078 7.35938 0.0566406 0.046875
-3.05078 7.40625 0.0566406 0.046875
-3.05078 7.45313 0.0566406 0.046875
-2.99414 7.40625 0.0566406 0.046875
-2.99414 7.45313 0.0566406 0.046875
-4.41016 7.5 0.0566406 0.046875
-4.41016 7.54688 0.0566406 0.046875
-4.35352 7.5 0.0566406 0.046875
-4.35352 7.54688 0.0566406 0.046875
-4.29688 7.5 0.0566406 0.046875
-4.29688 7.54688 0.0566406 0.046875
-4.29688 7.59375 0.0566406 0.046875
-4.29688 7.64063 0.0566406 0.046875
-4.24023 7.59375 0.0566406 0.046875
-4.24023 7.64063 0.0566406 0.046875
-4.24023 7.6875 0.0566406 0.046875
-4.24023 7.73438 0.0566406 0.046875
-4.18359 7.6875 0.0566406 0.046875
-4.18359 7.73438 0.0566406 0.046875
-4.18359 7.78125 0.0566406 0.046875
-4.18359 7.82813 0.0566406 0.046875
-4.12695 7.78125 0.0566406 0.046875
-4.12695 7.82813 0.0566406 0.046875
-4.07031 7.78125 0.0566406 0.046875
-4.07031 7.82813 0.0566406 0.046875
-4.07031 7.875 0.0566406 0.046875
-4.07031 7.92188 0.0566406 0.046875
-4.01367 7.875 0.0566406 0.046875
-4.01367 7.92188 0.0566406 0.046875
-4.01367 7.96875 0.0566406 0.046875
-4.01367 8.01563 0.0566406 0.046875
-3.95703 7.96875 0.0566406 0.046875
-3.95703 8.01563 0.0566406 0.046875
-3.90039 7.96875 0.0566406 0.046875
-3.90039 8.01563 0.0566406 0.046875
-3.90039 8.0625 0.0566406 0.046875
-3.90039 8.10938 0.0566406 0.046875
-3.84375 8.0625 0.0566406 0.046875
-3.84375 8.10938 0.0566406 0.046875
-3.84375 8.15625 0.0566406 0.046875
-3.84375 8.20313 0.0566406 0.046875
-3.78711 8.15625 0.0566406 0.046875
-3.78711 8.20313 0.0566406 0.046875
-3.73047 8.15625 0.0566406 0.046875
-3.73047 8.20313 0.0566406 0.046875
-3.73047 8.25 0.0566406 0.046875
-3.73047 8.29688 0.0566406 0.046875
-3.67383 8.25 0.0566406 0.046875
-3.67383 8.29688 0.0566406 0.046875
-3.67383 8.34375 0.0566406 0.046875
-3.67383 8.39063 0.0566406 0.046875
-3.61719 8.34375 0.0566406 0.046875
-3.61719 8.39063 0.0566406 0.046875
-3.56055 8.34375 0.0566406 0.046875
-3.56055 8.39063 0.0566406 0.046875
-3.56055 8.4375 0.0566406 0.046875
-3.56055 8.48438 0.0566406 0.046875
-3.50391 8.4375 0.0566406 0.046875
-3.50391 8.48438 0.0566406 0.046875
-3.44727 8.4375 0.0566406 0.046875
-3.44727 8.48438 0.0566406 0.046875
-3.44727 8.53125 0.0566406 0.046875
-3.44727 8.57813 0.0566406 0.046875
-3.39063 8.53125 0.0566406 0.046875
-3.39063 8.57813 0.0566406 0.046875
-3.39063 8.625 0.0566406 0.046875
-3.39063 8.67188 0.0566406 0.046875
-3.33398 8.625 0.0566406 0.046875
-3.33398 8.67188 0.0566406 0.046875
-3.27734 8.625 0.0566406 0.046875
-3.27734 8.67188 0.0566406 0.046875
-3.27734 8.71875 0.0566406 0.046875
-3.27734 8.76563 0.0566406 0.046875
-3.2207 8.71875 0.0566406 0.046875
-3.2207 8.76563 0.0566406 0.046875
-3.16406 8.71875 0.0566406 0.046875
-3.16406 8.76563 0.0566406 0.046875
-3.16406 8.8125 0.0566406 0.046875
-3.16406 8.85938 0.0566406 0.046875
-3.10742 8.8125 0.0566406 0.046875
-3.10742 8.85938 0.0566406 0.046875
-3.05078 8.8125 0.0566406 0.046875
-3.05078 8.85938 0.0566406 0.046875
-3.05078 8.90625 0.0566406 0.046875
-3.05078 8.95313 0.0566406 0.046875
-2.99414 8.90625 0.0566406 0.046875
-2.99414 8.95313 0.0566406 0.046875
-2.9375 7.40625 0.0566406 0.046875
-2.9375 7.45313 0.0566406 0.046875
-2.88086 7.40625 0.0566406 0.046875
-2.88086 7.45313 0.0566406 0.046875
-2.82422 7.40625 0.0566406 0.046875
-2.82422 7.45313 0.0566406 0.046875
-2.82422 7.5 0.0566406 0.046875
-2.82422 7.54688 0.0566406 0.046875
-2.76758 7.5 0.0566406 0.046875
-2.76758 7.54688 0.0566406 0.046875
-2.71094 7.5 0.0566406 0.046875
-2.71094 7.54688 0.0566406 0.046875
-2.6543 7.5 0.0566406 0.046875
-2.6543 7.54688 0.0566406 0.046875
-2.59766 7.5 0.0566406 0.046875
-2.59766 7.54688 0.0566406 0.046875
-2.54102 7.5 0.0566406 0.046875
-2.54102 7.54688 0.0566406 0.046875
-2.54102 7.59375 0.0566406 0.046875
-2.54102 7.64063 0.0566406 0.046875
-2.48438 7.59375 0.0566406 0.046875
-2.48438 7.64063 0.0566406 0.046875
-2.42773 7.59375 0.0566406 0.046875
-2.42773 7.64063 0.0566406 0.046875
-2.37109 7.59375 0.0566406 0.046875
-2.37109 7.64063 0.0566406 0.046875
-2.31445 7.59375 0.0566406 0.046875
-2.31445 7.64063 0.0566406 0.046875
-2.25781 7.59375 0.0566406 0.046875
-2.25781 7.64063 0.0566406 0.046875
-2.25781 7.6875 0.0566406 0.046875
-2.25781 7.73438 0.0566406 0.046875
-2.20117 7.6875 0.0566406 0.046875
-2.20117 7.73438 0.0566406 0.046875
-2.14453 7.6875 0.0566406 0.046875
-2.14453 7.73438 0.0566406 0.046875
-2.08789 7.6875 0.0566406 0.046875
-2.08789 7.73438 0.0566406 0.046875
-2.9375 8.90625 0.0566406 0.046875
-2.9375 8.95313 0.0566406 0.046875
-2.03125 7.6875 0.0566406 0.046875
-2.03125 7.73438 0.0566406 0.046875
-1.97461 7.6875 0.0566406 0.046875
-1.97461 7.73438 0.0566406 0.046875
-1.91797 7.6875 0.0566406 0.046875
-1.91797 7.73438 0.0566406 0.046875
-1.86133 7.6875 0.0566406 0.046875
-1.86133 7.73438 0.0566406 0.046875
-1.86133 7.78125 0.0566406 0.046875
-1.86133 7.82813 0.0566406 0.046875
-1.80469 7.78125 0.0566406 0.046875
-1.80469 7.82813 0.0566406 0.046875
-1.74805 7.78125 0.0566406 0.046875
-1.74805 7.82813 0.0566406 0.046875
-1.69141 7.78125 0.0566406 0.046875
-1.69141 7.82813 0.0566406 0.046875
-1.63477 7.78125 0.0566406 0.046875
-1.63477 7.82813 0.0566406 0.046875
-1.57813 7.78125 0.0566406 0.046875
-1.57813 7.82813 0.0566406 0.046875
-1.52148 7.78125 0.0566406 0.046875
-1.52148 7.82813 0.0566406 0.046875
-1.46484 7.78125 0.0566406 0.046875
-1.46484 7.82813 0.0566406 0.046875
-1.46484 7.875 0.0566406 0.046875
-1.46484 7.92188 0.0566406 0.046875
-1.4082 7.875 0.0566406 0.046875
-1.4082 7.92188 0.0566406 0.046875
-1.35156 7.875 0.0566406 0.046875
-1.35156 7.92188 0.0566406 0.046875
-1.29492 7.875 0.0566406 0.046875
-1.29492 7.92188 0.0566406 0.046875
-1.23828 7.875 0.0566406 0.046875
-1.23828 7.92188 0.0566406 0.046875
-1.18164 7.875 0.0566406 0.046875
-1.18164 7.92188 0.0566406 0.046875
-2.9375 9 0.0566406 0.046875
-2.9375 9.04688 0.0566406 0.046875
-2.88086 9 0.0566406 0.046875
-2.88086 9.04688 0.0566406 0.046875
-2.88086 9.09375 0.0566406 0.046875
-2.88086 9.14063 0.0566406 0.046875
-2.82422 9.09375 0.0566406 0.046875
-2.82422 9.14063 0.0566406 0.046875
-2.76758 9.09375 0.0566406 0.046875
-2.76758 9.14063 0.0566406 0.046875
-2.76758 9.1875 0.0566406 0.046875
-2.76758 9.23438 0.0566406 0.046875
-2.71094 9.1875 0.0566406 0.046875
-2.71094 9.23438 0.0566406 0.046875
-2.6543 9.1875 0.0566406 0.046875
-2.6543 9.23438 0.0566406 0.046875
-2.6543 9.28125 0.0566406 0.046875
-2.6543 9.32813 0.0566406 0.046875
-2.59766 9.28125 0.0566406 0.046875
-2.59766 9.32813 0.0566406 0.046875
-2.54102 9.28125 0.0566406 0.046875
-2.54102 9.32813 0.0566406 0.046875
-2.54102 9.375 0.0566406 0.046875
-2.54102 9.42188 0.0566406 0.046875
-2.48438 9.375 0.0566406 0.046875
-2.48438 9.42188 0.0566406 0.046875
-2.42773 9.375 0.0566406 0.046875
-2.42773 9.42188 0.0566406 0.046875
-2.42773 9.46875 0.0566406 0.046875
-2.42773 9.51563 0.0566406 0.046875
-2.37109 9.46875 0.0566406 0.046875
-2.37109 9.51563 0.0566406 0.046875
-2.31445 9.46875 0.0566406 0.046875
-2.31445 9.51563 0.0566406 0.046875
-2.25781 9.46875 0.0566406 0.046875
-2.25781 9.51563 0.0566406 0.046875
-2.25781 9.5625 0.0566406 0.046875
-2.25781 9.60938 0.0566406 0.046875
-2.20117 9.5625 0.0566406 0.046875
-2.20117 9.60938 0.0566406 0.046875
-2.14453 9.5625 0.0566406 0.046875
-2.14453 9.60938 0.0566406 0.046875
-2.14453 9.65625 0.0566406 0.046875
-2.14453 9.70313 0.0566406 0.046875
-2.08789 9.65625 0.0566406 0.046875
-2.08789 9.70313 0.0566406 0.046875
-2.03125 9.65625 0.0566406 0.046875
-2.03125 9.70313 0.0566406 0.046875
-2.03125 9.75 0.0566406 0.046875
-2.03125 9.79688 0.0566406 0.046875
-1.97461 9.75 0.0566406 0.046875
-1.97461 9.79688 0.0566406 0.046875
-1.91797 9.75 0.0566406 0.046875
-1.91797 9.79688 0.0566406 0.046875
-1.91797 9.84375 0.0566406 0.046875
-1.91797 9.89063 0.0566406 0.046875
-1.86133 9.84375 0.0566406 0.046875
-1.86133 9.89063 0.0566406 0.046875
-1.80469 9.84375 0.0566406 0.046875
-1.80469 9.89063 0.0566406 0.046875
-1.74805 9.84375 0.0566406 0.046875
-1.74805 9.89063 0.0566406 0.046875
-1.74805 9.9375 0.0566406 0.046875
-1.74805 9.98438 0.0566406 0.046875
-1.69141 9.9375 0.0566406 0.046875
-1.69141 9.98438 0.0566406 0.046875
-1.63477 9.9375 0.0566406 0.046875
-1.63477 9.98438 0.0566406 0.046875
-1.63477 10.0313 0.0566406 0.046875
-1.63477 10.0781 0.0566406 0.046875
-1.57813 10.0313 0.0566406 0.046875
-1.57813 10.0781 0.0566406 0.046875
-1.52148 10.0313 0.0566406 0.046875
-1.52148 10.0781 0.0566406 0.046875
-1.46484 10.0313 0.0566406 0.046875
-1.46484 10.0781 0.0566406 0.046875
-1.46484 10.125 0.0566406 0.046875
-1.46484 10.1719 0.0566406 0.046875
-1.4082 10.125 0.0566406 0.046875
-1.4082 10.1719 0.0566406 0.046875
-1.35156 10.125 0.0566406 0.046875
-1.35156 10.1719 0.0566406 0.046875
-1.29492 10.125 0.0566406 0.046875
-1.29492 10.1719 0.0566406 0.046875
-1.29492 10.2188 0.0566406 0.046875
-1.29492 10.2656 0.0566406 0.046875
-1.23828 10.2188 0.0566406 0.046875
-1.23828 10.2656 0.0566406 0.046875
-1.18164 10.2188 0.0566406 0.046875
-1.18164 10.2656 0.0566406 0.046875
-1.18164 10.3125 0.0566406 0.046875
-1.18164 10.3594 0.0566406 0.046875
-1.125 7.875 0.0566406 0.046875
-1.125 7.92188 0.0566406 0.046875
-1.06836 7.875 0.0566406 0.046875
-1.06836 7.92188 0.0566406 0.046875
-1.01172 7.875 0.0566406 0.046875
-1.01172 7.92188 0.0566406 0.046875
-0.955078 7.875 0.0566406 0.046875
-0.955078 7.92188 0.0566406 0.046875
-0.898438 7.875 0.0566406 0.046875
-0.898438 7.92188 0.0566406 0.046875
-0.841797 7.875 0.0566406 0.046875
-0.841797 7.92188 0.0566406 0.046875
-0.785156 7.875 0.0566406 0.046875
-0.785156 7.92188 0.0566406 0.046875
-0.728516 7.875 0.0566406 0.046875
-0.728516 7.92188 0.0566406 0.046875
-0.728516 7.96875 0.0566406 0.046875
-0.728516 8.01563 0.0566406 0.046875
-0.671875 7.96875 0.0566406 0.046875
-0.671875 8.01563 0.0566406 0.046875
-0.615234 7.96875 0.0566406 0.046875
-0.615234 8.01563 0.0566406 0.046875
-0.558594 7.96875 0.0566406 0.046875
-0.558594 8.01563 0.0566406 0.046875
-0.501953 7.96875 0.0566406 0.046875
-0.501953 8.01563 0.0566406 0.046875
-0.445313 7.96875 0.0566406 0.046875
-0.445313 8.01563 0.0566406 0.046875
-0.388672 7.96875 0.0566406 0.046875
-0.388672 8.01563 0.0566406 0.046875
-0.332031 7.96875 0.0566406 0.046875
-0.332031 8.01563 0.0566406 0.046875
-0.275391 7.96875 0.0566406 0.046875
-0.275391 8.01563 0.0566406 0.046875
-0.21875 7.96875 0.0566406 0.046875
-0.21875 8.01563 0.0566406 0.046875
-0.162109 7.96875 0.0566406 0.046875
-0.162109 8.01563 0.0566406 0.046875
-0.105469 7.96875 0.0566406 0.046875
-0.105469 8.01563 0.0566406 0.046875
-0.0488281 7.96875 0.0566406 0.046875
-0.0488281 8.01563 0.0566406 0.046875
0.0078125 7.96875 0.0566406 0.046875
0.0078125 8.01563 0.0566406 0.046875
0.0644531 7.96875 0.0566406 0.046875
0.0644531 8.01563 0.0566406 0.046875
0.121094 7.96875 0.0566406 0.046875
0.121094 8.01563 0.0566406 0.046875
0.177734 7.96875 0.0566406 0.046875
0.177734 8.01563 0.0566406 0.046875
0.234375 7.96875 0.0566406 0.046875
0.234375 8.01563 0.0566406 0.046875
0.291016 7.96875 0.0566406 0.046875
0.291016 8.01563 0.0566406 0.046875
0.347656 7.96875 0.0566406 0.046875
0.347656 8.01563 0.0566406 0.046875
0.404297 7.96875 0.0566406 0.046875
0.404297 8.01563 0.0566406 0.046875
0.460938 7.96875 0.0566406 0.046875
0.460938 8.01563 0.0566406 0.046875
0.517578 7.96875 0.0566406 0.046875
0.517578 8.01563 0.0566406 0.046875
0.574219 7.96875 0.0566406 0.046875
0.574219 8.01563 0.0566406 0.046875
0.630859 7.96875 0.0566406 0.046875
0.630859 8.01563 0.0566406 0.046875
0.6875 7.875 0.0566406 0.046875
0.6875 7.92188 0.0566406 0.046875
0.744141 7.875 0.0566406 0.046875
0.744141 7.92188 0.0566406 0.046875
0.6875 7.96875 0.0566406 0.046875
0.6875 8.01563 0.0566406 0.046875
0.800781 7.875 0.0566406 0.046875
0.800781 7.92188 0.0566406 0.046875
0.857422 7.875 0.0566406 0.046875
0.857422 7.92188 0.0566406 0.046875
0.914063 7.875 0.0566406 0.046875
0.914063 7.92188 0.0566406 0.046875
0.970703 7.875 0.0566406 0.046875
0.970703 7.92188 0.0566406 0.046875
1.02734 7.875 0.0566406 0.046875
1.02734 7.92188 0.0566406 0.046875
1.08398 7.875 0.0566406 0.046875
1.08398 7.92188 0.0566406 0.046875
1.36719 7.78125 0.0566406 0.046875
1.36719 7.82813 0.0566406 0.046875
1.42383 7.78125 0.0566406 0.046875
1.42383 7.82813 0.0566406 0.046875
1.48047 7.78125 0.0566406 0.046875
1.48047 7.82813 0.0566406 0.046875
1.53711 7.78125 0.0566406 0.046875
1.53711 7.82813 0.0566406 0.046875
1.14063 7.875 0.0566406 0.046875
1.14063 7.92188 0.0566406 0.046875
1.19727 7.875 0.0566406 0.046875
1.19727 7.92188 0.0566406 0.046875
1.25391 7.875 0.0566406 0.046875
1.25391 7.92188 0.0566406 0.046875
1.31055 7.875 0.0566406 0.046875
1.31055 7.92188 0.0566406 0.046875
1.36719 7.875 0.0566406 0.046875
1.36719 7.92188 0.0566406 0.046875
1.59375 7.78125 0.0566406 0.046875
1.59375 7.82813 0.0566406 0.046875
1.65039 7.78125 0.0566406 0.046875
1.65039 7.82813 0.0566406 0.046875
1.70703 7.78125 0.0566406 0.046875
1.70703 7.82813 0.0566406 0.046875
1.76367 7.78125 0.0566406 0.046875
1.76367 7.82813 0.0566406 0.046875
1.82031 7.6875 0.0566406 0.046875
1.82031 7.73438 0.0566406 0.046875
1.87695 7.6875 0.0566406 0.046875
1.87695 7.73438 0.0566406 0.046875
1.82031 7.78125 0.0566406 0.046875
1.82031 7.82813 0.0566406 0.046875
1.93359 7.6875 0.0566406 0.046875
1.93359 7.73438 0.0566406 0.046875
1.99023 7.6875 0.0566406 0.046875
1.99023 7.73438 0.0566406 0.046875
2.16016 7.59375 0.0566406 0.046875
2.16016 7.64063 0.0566406 0.046875
2.2168 7.59375 0.0566406 0.046875
2.2168 7.64063 0.0566406 0.046875
2.04688 7.6875 0.0566406 0.046875
2.04688 7.73438 0.0566406 0.046875
2.10352 7.6875 0.0566406 0.046875
2.10352 7.73438 0.0566406 0.046875
2.16016 7.6875 0.0566406 0.046875
2.16016 7.73438 0.0566406 0.046875
2.27344 7.59375 0.0566406 0.046875
2.27344 7.64063 0.0566406 0.046875
2.33008 7.59375 0.0566406 0.046875
2.33008 7.64063 0.0566406 0.046875
2.38672 7.59375 0.0566406 0.046875
2.38672 7.64063 0.0566406 0.046875
2.44336 7.59375 0.0566406 0.046875
2.44336 7.64063 0.0566406 0.046875
-1.125 10.3125 0.0566406 0.046875
-1.125 10.3594 0.0566406 0.046875
-1.06836 10.3125 0.0566406 0.046875
-1.06836 10.3594 0.0566406 0.046875
-1.01172 10.3125 0.0566406 0.046875
-1.01172 10.3594 0.0566406 0.046875
-1.01172 10.4063 0.0566406 0.046875
-1.01172 10.4531 0.0566406 0.046875
-0.955078 10.4063 0.0566406 0.046875
-0.955078 10.4531 0.0566406 0.046875
-0.898438 10.4063 0.0566406 0.046875
-0.898438 10.4531 0.0566406 0.046875
-0.841797 10.4063 0.0566406 0.046875
-0.841797 10.4531 0.0566406 0.046875
-0.841797 10.5 0.0566406 0.046875
-0.841797 10.5469 0.0566406 0.046875
-0.785156 10.5 0.0566406 0.046875
-0.785156 10.5469 0.0566406 0.046875
-0.728516 10.5 0.0566406 0.046875
-0.728516 10.5469 0.0566406 0.046875
-0.671875 10.5 0.0566406 0.046875
-0.671875 10.5469 0.0566406 0.046875
-0.671875 10.5938 0.0566406 0.046875
-0.671875 10.6406 0.0566406 0.046875
-0.615234 10.5938 0.0566406 0.046875
-0.615234 10.6406 0.0566406 0.046875
-0.558594 10.5938 0.0566406 0.046875
-0.558594 10.6406 0.0566406 0.046875
-0.501953 10.5938 0.0566406 0.046875
-0.501953 10.6406 0.0566406 0.046875
-0.501953 10.6875 0.0566406 0.046875
-0.501953 10.7344 0.0566406 0.046875
-0.445313 10.6875 0.0566406 0.046875
-0.445313 10.7344 0.0566406 0.046875
-0.388672 10.6875 0.0566406 0.046875
-0.388672 10.7344 0.0566406 0.046875
-0.332031 10.6875 0.0566406 0.046875
-0.332031 10.7344 0.0566406 0.046875
-0.275391 10.6875 0.0566406 0.046875
-0.275391 10.7344 0.0566406 0.046875
-0.275391 10.7813 0.0566406 0.046875
-0.275391 10.8281 0.0566406 0.046875
-0.21875 10.7813 0.0566406 0.046875
-0.21875 10.8281 0.0566406 0.046875
-0.162109 10.7813 0.0566406 0.046875
-0.162109 10.8281 0.0566406 0.046875
-0.105469 10.7813 0.0566406 0.046875
-0.105469 10.8281 0.0566406 0.046875
-0.105469 10.875 0.0566406 0.046875
-0.105469 10.9219 0.0566406 0.046875
-0.0488281 10.875 0.0566406 0.046875
-0.0488281 10.9219 0.0566406 0.046875
0.0078125 10.875 0.0566406 0.046875
0.0078125 10.9219 0.0566406 0.046875
0.0644531 10.875 0.0566406 0.046875
0.0644531 10.9219 0.0566406 0.046875
0.121094 10.875 0.0566406 0.046875
0.121094 10.9219 0.0566406 0.046875
0.121094 10.9688 0.0566406 0.046875
0.121094 11.0156 0.0566406 0.046875
0.177734 10.9688 0.0566406 0.046875
0.177734 11.0156 0.0566406 0.046875
0.234375 10.9688 0.0566406 0.046875
0.234375 11.0156 0.0566406 0.046875
0.291016 10.9688 0.0566406 0.046875
0.291016 11.0156 0.0566406 0.046875
0.347656 10.9688 0.0566406 0.046875
0.347656 11.0156 0.0566406 0.046875
0.347656 11.0625 0.0566406 0.046875
0.347656 11.1094 0.0566406 0.046875
0.404297 11.0625 0.0566406 0.046875
0.404297 11.1094 0.0566406 0.046875
0.460938 11.0625 0.0566406 0.046875
0.460938 11.1094 0.0566406 0.046875
0.517578 11.0625 0.0566406 0.046875
0.517578 11.1094 0.0566406 0.046875
0.574219 11.0625 0.0566406 0.046875
0.574219 11.1094 0.0566406 0.046875
0.574219 11.1563 0.0566406 0.046875
0.574219 11.2031 0.0566406 0.046875
0.630859 11.1563 0.0566406 0.046875
0.630859 11.2031 0.0566406 0.046875
0.6875 11.1563 0.0566406 0.046875
0.6875 11.2031 0.0566406 0.046875
0.744141 11.1563 0.0566406 0.046875
0.744141 11.2031 0.0566406 0.046875
0.800781 11.1563 0.0566406 0.046875
0.800781 11.2031 0.0566406 0.046875
0.800781 11.25 0.0566406 0.046875
0.800781 11.2969 0.0566406 0.046875
0.857422 11.25 0.0566406 0.046875
0.857422 11.2969 0.0566406 0.046875
0.914063 11.25 0.0566406 0.046875
0.914063 11.2969 0.0566406 0.046875
0.970703 11.25 0.0566406 0.046875
0.970703 11.2969 0.0566406 0.046875
1.02734 11.25 0.0566406 0.046875
1.02734 11.2969 0.0566406 0.046875
1.08398 11.25 0.0566406 0.046875
1.08398 11.2969 0.0566406 0.046875
1.08398 11.3438 0.0566406 0.046875
1.08398 11.3906 0.0566406 0.046875
1.14063 11.3438 0.0566406 0.046875
1.14063 11.3906 0.0566406 0.046875
1.19727 11.3438 0.0566406 0.046875
1.19727 11.3906 0.0566406 0.046875
1.25391 11.3438 0.0566406 0.046875
1.25391 11.3906 0.0566406 0.046875
1.31055 11.3438 0.0566406 0.046875
1.31055 11.3906 0.0566406 0.046875
1.36719 11.3438 0.0566406 0.046875
1.36719 11.3906 0.0566406 0.046875
1.36719 11.4375 0.0566406 0.046875
1.36719 11.4844 0.0566406 0.046875
1.42383 11.4375 0.0566406 0.046875
1.42383 11.4844 0.0566406 0.046875
1.48047 11.4375 0.0566406 0.046875
1.48047 11.4844 0.0566406 0.046875
1.53711 11.4375 0.0566406 0.046875
1.53711 11.4844 0.0566406 0.046875
1.59375 11.4375 0.0566406 0.046875
1.59375 11.4844 0.0566406 0.046875
1.65039 11.4375 0.0566406 0.046875
1.65039 11.4844 0.0566406 0.046875
1.65039 11.5313 0.0566406 0.046875
1.65039 11.5781 0.0566406 0.046875
1.70703 11.5313 0.0566406 0.046875
1.70703 11.5781 0.0566406 0.046875
1.76367 11.5313 0.0566406 0.046875
1.76367 11.5781 0.0566406 0.046875
1.82031 11.5313 0.0566406 0.046875
1.82031 11.5781 0.0566406 0.046875
1.87695 11.5313 0.0566406 0.046875
1.87695 11.5781 0.0566406 0.046875
1.93359 11.5313 0.0566406 0.046875
1.93359 11.5781 0.0566406 0.046875
1.99023 11.5313 0.0566406 0.046875
1.99023 11.5781 0.0566406 0.046875
1.99023 11.625 0.0566406 0.046875
1.99023 11.6719 0.0566406 0.046875
2.04688 11.625 0.0566406 0.046875
2.04688 11.6719 0.0566406 0.046875
2.10352 11.625 0.0566406 0.046875
2.10352 11.6719 0.0566406 0.046875
2.16016 11.625 0.0566406 0.046875
2.16016 11.6719 0.0566406 0.046875
2.2168 11.625 0.0566406 0.046875
2.2168 11.6719 0.0566406 0.046875
2.27344 11.625 0.0566406 0.046875
2.27344 11.6719 0.0566406 0.046875
2.33008 11.625 0.0566406 0.046875
2.33008 11.6719 0.0566406 0.046875
2.38672 11.625 0.0566406 0.046875
2.38672 11.6719 0.0566406 0.046875
2.38672 11.7188 0.0566406 0.046875
2.38672 11.7656 0.0566406 0.046875
2.44336 11.7188 0.0566406 0.046875
2.44336 11.7656 0.0566406 0.046875
2.5 7.59375 0.0566406 0.046875
2.5 7.64063 0.0566406 0.046875
2.55664 7.59375 0.0566406 0.046875
2.55664 7.64063 0.0566406 0.046875
2.61328 7.59375 0.0566406 0.046875
2.61328 7.64063 0.0566406 0.046875
2.66992 7.59375 0.0566406 0.046875
2.66992 7.64063 0.0566406 0.046875
2.72656 7.59375 0.0566406 0.046875
2.72656 7.64063 0.0566406 0.046875
2.7832 7.59375 0.0566406 0.046875
2.7832 7.64063 0.0566406 0.046875
2.7832 7.6875 0.0566406 0.046875
2.7832 7.73438 0.0566406 0.046875
2.83984 7.6875 0.0566406 0.046875
2.83984 7.73438 0.0566406 0.046875
2.89648 7.6875 0.0566406 0.046875
2.89648 7.73438 0.0566406 0.046875
2.95313 7.6875 0.0566406 0.046875
2.95313 7.73438 0.0566406 0.046875
3.00977 7.6875 0.0566406 0.046875
3.00977 7.73438 0.0566406 0.046875
3.06641 7.6875 0.0566406 0.046875
3.06641 7.73438 0.0566406 0.046875
3.12305 7.6875 0.0566406 0.046875
3.12305 7.73438 0.0566406 0.046875
3.12305 7.78125 0.0566406 0.046875
3.12305 7.82813 0.0566406 0.046875
3.17969 7.78125 0.0566406 0.046875
3.17969 7.82813 0.0566406 0.046875
3.23633 7.78125 0.0566406 0.046875
3.23633 7.82813 0.0566406 0.046875
3.29297 7.78125 0.0566406 0.046875
3.29297 7.82813 0.0566406 0.046875
3.34961 7.78125 0.0566406 0.046875
3.34961 7.82813 0.0566406 0.046875
3.40625 7.78125 0.0566406 0.046875
3.40625 7.82813 0.0566406 0.046875
3.46289 7.78125 0.0566406 0.046875
3.46289 7.82813 0.0566406 0.046875
3.51953 7.78125 0.0566406 0.046875
3.51953 7.82813 0.0566406 0.046875
3.57617 7.78125 0.0566406 0.046875
3.57617 7.82813 0.0566406 0.046875
3.57617 7.875 0.0566406 0.046875
3.57617 7.92188 0.0566406 0.046875
3.63281 7.875 0.0566406 0.046875
3.63281 7.92188 0.0566406 0.046875
3.68945 7.875 0.0566406 0.046875
3.68945 7.92188 0.0566406 0.046875
3.74609 7.875 0.0566406 0.046875
3.74609 7.92188 0.0566406 0.046875
3.80273 7.875 0.0566406 0.046875
3.80273 7.92188 0.0566406 0.046875
3.85938 7.875 0.0566406 0.046875
3.85938 7.92188 0.0566406 0.046875
3.91602 7.875 0.0566406 0.046875
3.91602 7.92188 0.0566406 0.046875
3.97266 7.875 0.0566406 0.046875
3.97266 7.92188 0.0566406 0.046875
4.0293 7.875 0.0566406 0.046875
4.0293 7.92188 0.0566406 0.046875
4.08594 7.875 0.0566406 0.046875
4.08594 7.92188 0.0566406 0.046875
4.14258 7.875 0.0566406 0.046875
4.14258 7.92188 0.0566406 0.046875
4.19922 7.875 0.0566406 0.046875
4.19922 7.92188 0.0566406 0.046875
4.25586 7.875 0.0566406 0.046875
4.25586 7.92188 0.0566406 0.046875
4.25586 7.96875 0.0566406 0.046875
4.25586 8.01563 0.0566406 0.046875
4.3125 7.96875 0.0566406 0.046875
4.3125 8.01563 0.0566406 0.046875
4.36914 7.96875 0.0566406 0.046875
4.36914 8.01563 0.0566406 0.046875
4.42578 7.96875 0.0566406 0.046875
4.42578 8.01563 0.0566406 0.046875
4.48242 7.96875 0.0566406 0.046875
4.48242 8.01563 0.0566406 0.046875
4.53906 7.96875 0.0566406 0.046875
4.53906 8.01563 0.0566406 0.046875
4.5957 7.96875 0.0566406 0.046875
4.5957 8.01563 0.0566406 0.046875
4.65234 7.96875 0.0566406 0.046875
4.65234 8.01563 0.0566406 0.046875
4.70898 7.96875 0.0566406 0.046875
4.70898 8.01563 0.0566406 0.046875
4.76563 7.96875 0.0566406 0.046875
4.76563 8.01563 0.0566406 0.046875
4.82227 7.96875 0.0566406 0.046875
4.82227 8.01563 0.0566406 0.046875
4.87891 7.96875 0.0566406 0.046875
4.87891 8.01563 0.0566406 0.046875
4.93555 7.96875 0.0566406 0.046875
4.93555 8.01563 0.0566406 0.046875
4.99219 7.96875 0.0566406 0.046875
4.99219 8.01563 0.0566406 0.046875
5.04883 7.96875 0.0566406 0.046875
5.04883 8.01563 0.0566406 0.046875
5.10547 7.96875 0.0566406 0.046875
5.10547 8.01563 0.0566406 0.046875
5.16211 7.96875 0.0566406 0.046875
5.16211 8.01563 0.0566406 0.046875
5.21875 7.96875 0.0566406 0.046875
5.21875 8.01563 0.0566406 0.046875
5.27539 7.96875 0.0566406 0.046875
5.27539 8.01563 0.0566406 0.046875
5.33203 7.96875 0.0566406 0.046875
5.33203 8.01563 0.0566406 0.046875
5.38867 7.96875 0.0566406 0.046875
5.38867 8.01563 0.0566406 0.046875
5.44531 7.96875 0.0566406 0.046875
5.44531 8.01563 0.0566406 0.046875
5.50195 7.96875 0.0566406 0.046875
5.50195 8.01563 0.0566406 0.046875
5.55859 7.96875 0.0566406 0.046875
5.55859 8.01563 0.0566406 0.046875
5.61523 7.96875 0.0566406 0.046875
5.61523 8.01563 0.0566406 0.046875
5.67188 7.875 0.0566406 0.046875
5.67188 7.92188 0.0566406 0.046875
5.72852 7.875 0.0566406 0.046875
5.72852 7.92188 0.0566406 0.046875
5.67188 7.96875 0.0566406 0.046875
5.67188 8.01563 0.0566406 0.046875
5.78516 7.875 0.0566406 0.046875
5.78516 7.92188 0.0566406 0.046875
5.8418 7.875 0.0566406 0.046875
5.8418 7.92188 0.0566406 0.046875
5.89844 7.875 0.0566406 0.046875
5.89844 7.92188 0.0566406 0.046875
5.95508 7.875 0.0566406 0.046875
5.95508 7.92188 0.0566406 0.046875
6.01172 7.875 0.0566406 0.046875
6.01172 7.92188 0.0566406 0.046875
6.06836 7.875 0.0566406 0.046875
6.06836 7.92188 0.0566406 0.046875
2.55664 11.625 0.0566406 0.046875
2.55664 11.6719 0.0566406 0.046875
2.5 11.7188 0.0566406 0.046875
2.5 11.7656 0.0566406 0.046875
2.55664 11.7188 0.0566406 0.046875
2.55664 11.7656 0.0566406 0.046875
2.61328 11.625 0.0566406 0.046875
2.61328 11.6719 0.0566406 0.046875
2.66992 11.625 0.0566406 0.046875
2.66992 11.6719 0.0566406 0.046875
2.72656 11.625 0.0566406 0.046875
2.72656 11.6719 0.0566406 0.046875
2.7832 11.625 0.0566406 0.046875
2.7832 11.6719 0.0566406 0.046875
2.83984 11.625 0.0566406 0.046875
2.83984 11.6719 0.0566406 0.046875
2.89648 11.625 0.0566406 0.046875
2.89648 11.6719 0.0566406 0.046875
2.95313 11.5313 0.0566406 0.046875
2.95313 11.5781 0.0566406 0.046875
3.00977 11.5313 0.0566406 0.046875
3.00977 11.5781 0.0566406 0.046875
3.06641 11.5313 0.0566406 0.046875
3.06641 11.5781 0.0566406 0.046875
3.12305 11.5313 0.0566406 0.046875
3.12305 11.5781 0.0566406 0.046875
3.17969 11.5313 0.0566406 0.046875
3.17969 11.5781 0.0566406 0.046875
3.23633 11.5313 0.0566406 0.046875
3.23633 11.5781 0.0566406 0.046875
3.29297 11.4375 0.0566406 0.046875
3.29297 11.4844 0.0566406 0.046875
3.34961 11.4375 0.0566406 0.046875
3.34961 11.4844 0.0566406 0.046875
3.29297 11.5313 0.0566406 0.046875
3.29297 11.5781 0.0566406 0.046875
2.95313 11.625 0.0566406 0.046875
2.95313 11.6719 0.0566406 0.046875
4.14258 11.1563 0.0566406 0.046875
4.14258 11.2031 0.0566406 0.046875
4.19922 11.1563 0.0566406 0.046875
4.19922 11.2031 0.0566406 0.046875
4.25586 11.1563 0.0566406 0.046875
4.25586 11.2031 0.0566406 0.046875
3.57617 11.3438 0.0566406 0.046875
3.57617 11.3906 0.0566406 0.046875
3.40625 11.4375 0.0566406 0.046875
3.40625 11.4844 0.0566406 0.046875
3.46289 11.4375 0.0566406 0.046875
3.46289 11.4844 0.0566406 0.046875
3.51953 11.4375 0.0566406 0.046875
3.51953 11.4844 0.0566406 0.046875
3.57617 11.4375 0.0566406 0.046875
3.57617 11.4844 0.0566406 0.046875
3.63281 11.3438 0.0566406 0.046875
3.63281 11.3906 0.0566406 0.046875
3.68945 11.3438 0.0566406 0.046875
3.68945 11.3906 0.0566406 0.046875
3.74609 11.3438 0.0566406 0.046875
3.74609 11.3906 0.0566406 0.046875
3.80273 11.3438 0.0566406 0.046875
3.80273 11.3906 0.0566406 0.046875
3.85938 11.25 0.0566406 0.046875
3.85938 11.2969 0.0566406 0.046875
3.91602 11.25 0.0566406 0.046875
3.91602 11.2969 0.0566406 0.046875
3.85938 11.3438 0.0566406 0.046875
3.85938 11.3906 0.0566406 0.046875
3.97266 11.25 0.0566406 0.046875
3.97266 11.2969 0.0566406 0.046875
4.0293 11.25 0.0566406 0.046875
4.0293 11.2969 0.0566406 0.046875
4.08594 11.25 0.0566406 0.046875
4.08594 11.2969 0.0566406 0.046875
4.14258 11.25 0.0566406 0.046875
4.14258 11.2969 0.0566406 0.046875
5.78516 10.4063 0.0566406 0.046875
5.78516 10.4531 0.0566406 0.046875
5.8418 10.4063 0.0566406 0.046875
5.8418 10.4531 0.0566406 0.046875
5.95508 10.3125 0.0566406 0.046875
5.95508 10.3594 0.0566406 0.046875
5.89844 10.4063 0.0566406 0.046875
5.89844 10.4531 0.0566406 0.046875
5.95508 10.4063 0.0566406 0.046875
5.95508 10.4531 0.0566406 0.046875
6.01172 10.3125 0.0566406 0.046875
6.01172 10.3594 0.0566406 0.046875
6.06836 10.3125 0.0566406 0.046875
6.06836 10.3594 0.0566406 0.046875
4.36914 11.0625 0.0566406 0.046875
4.36914 11.1094 0.0566406 0.046875
4.3125 11.1563 0.0566406 0.046875
4.3125 11.2031 0.0566406 0.046875
4.36914 11.1563 0.0566406 0.046875
4.36914 11.2031 0.0566406 0.046875
4.42578 11.0625 0.0566406 0.046875
4.42578 11.1094 0.0566406 0.046875
4.48242 11.0625 0.0566406 0.046875
4.48242 11.1094 0.0566406 0.046875
4.5957 10.9688 0.0566406 0.046875
4.5957 11.0156 0.0566406 0.046875
4.65234 10.9688 0.0566406 0.046875
4.65234 11.0156 0.0566406 0.046875
4.70898 10.9688 0.0566406 0.046875
4.70898 11.0156 0.0566406 0.046875
4.53906 11.0625 0.0566406 0.046875
4.53906 11.1094 0.0566406 0.046875
4.5957 11.0625 0.0566406 0.046875
4.5957 11.1094 0.0566406 0.046875
5.04883 10.7813 0.0566406 0.046875
5.04883 10.8281 0.0566406 0.046875
5.10547 10.7813 0.0566406 0.046875
5.10547 10.8281 0.0566406 0.046875
5.16211 10.7813 0.0566406 0.046875
5.16211 10.8281 0.0566406 0.046875
4.82227 10.875 0.0566406 0.046875
4.82227 10.9219 0.0566406 0.046875
4.76563 10.9688 0.0566406 0.046875
4.76563 11.0156 0.0566406 0.046875
4.82227 10.9688 0.0566406 0.046875
4.82227 11.0156 0.0566406 0.046875
4.87891 10.875 0.0566406 0.046875
4.87891 10.9219 0.0566406 0.046875
4.93555 10.875 0.0566406 0.046875
4.93555 10.9219 0.0566406 0.046875
4.99219 10.875 0.0566406 0.046875
4.99219 10.9219 0.0566406 0.046875
5.04883 10.875 0.0566406 0.046875
5.04883 10.9219 0.0566406 0.046875
5.21875 10.6875 0.0566406 0.046875
5.21875 10.7344 0.0566406 0.046875
5.27539 10.6875 0.0566406 0.046875
5.27539 10.7344 0.0566406 0.046875
5.21875 10.7813 0.0566406 0.046875
5.21875 10.8281 0.0566406 0.046875
5.33203 10.6875 0.0566406 0.046875
5.33203 10.7344 0.0566406 0.046875
5.38867 10.6875 0.0566406 0.046875
5.38867 10.7344 0.0566406 0.046875
5.44531 10.5938 0.0566406 0.046875
5.44531 10.6406 0.0566406 0.046875
5.50195 10.5938 0.0566406 0.046875
5.50195 10.6406 0.0566406 0.046875
5.61523 10.5 0.0566406 0.046875
5.61523 10.5469 0.0566406 0.046875
5.55859 10.5938 0.0566406 0.046875
5.55859 10.6406 0.0566406 0.046875
5.61523 10.5938 0.0566406 0.046875
5.61523 10.6406 0.0566406 0.046875
5.44531 10.6875 0.0566406 0.046875
5.44531 10.7344 0.0566406 0.046875
5.67188 10.5 0.0566406 0.046875
5.67188 10.5469 0.0566406 0.046875
5.72852 10.5 0.0566406 0.046875
5.72852 10.5469 0.0566406 0.046875
5.78516 10.5 0.0566406 0.046875
5.78516 10.5469 0.0566406 0.046875
7.76758 7.40625 0.0566406 0.046875
7.76758 7.45313 0.0566406 0.046875
7.82422 7.40625 0.0566406 0.046875
7.82422 7.45313 0.0566406 0.046875
7.88086 7.40625 0.0566406 0.046875
7.88086 7.45313 0.0566406 0.046875
6.4082 7.78125 0.0566406 0.046875
6.4082 7.82813 0.0566406 0.046875
6.46484 7.78125 0.0566406 0.046875
6.46484 7.82813 0.0566406 0.046875
6.52148 7.78125 0.0566406 0.046875
6.52148 7.82813 0.0566406 0.046875
6.125 7.875 0.0566406 0.046875
6.125 7.92188 0.0566406 0.046875
6.18164 7.875 0.0566406 0.046875
6.18164 7.92188 0.0566406 0.046875
6.23828 7.875 0.0566406 0.046875
6.23828 7.92188 0.0566406 0.046875
6.29492 7.875 0.0566406 0.046875
6.29492 7.92188 0.0566406 0.046875
6.35156 7.875 0.0566406 0.046875
6.35156 7.92188 0.0566406 0.046875
6.4082 7.875 0.0566406 0.046875
6.4082 7.92188 0.0566406 0.046875
6.57813 7.78125 0.0566406 0.046875
6.57813 7.82813 0.0566406 0.046875
6.63477 7.78125 0.0566406 0.046875
6.63477 7.82813 0.0566406 0.046875
6.69141 7.78125 0.0566406 0.046875
6.69141 7.82813 0.0566406 0.046875
6.74805 7.78125 0.0566406 0.046875
6.74805 7.82813 0.0566406 0.046875
6.80469 7.6875 0.0566406 0.046875
6.80469 7.73438 0.0566406 0.046875
6.86133 7.6875 0.0566406 0.046875
6.86133 7.73438 0.0566406 0.046875
6.80469 7.78125 0.0566406 0.046875
6.80469 7.82813 0.0566406 0.046875
6.91797 7.6875 0.0566406 0.046875
6.91797 7.73438 0.0566406 0.046875
6.97461 7.6875 0.0566406 0.046875
6.97461 7.73438 0.0566406 0.046875
7.20117 7.59375 0.0566406 0.046875
7.20117 7.64063 0.0566406 0.046875
7.03125 7.6875 0.0566406 0.046875
7.03125 7.73438 0.0566406 0.046875
7.08789 7.6875 0.0566406 0.046875
7.08789 7.73438 0.0566406 0.046875
7.14453 7.6875 0.0566406 0.046875
7.14453 7.73438 0.0566406 0.046875
7.20117 7.6875 0.0566406 0.046875
7.20117 7.73438 0.0566406 0.046875
7.25781 7.59375 0.0566406 0.046875
7.25781 7.64063 0.0566406 0.046875
7.31445 7.59375 0.0566406 0.046875
7.31445 7.64063 0.0566406 0.046875
7.37109 7.59375 0.0566406 0.046875
7.37109 7.64063 0.0566406 0.046875
7.42773 7.59375 0.0566406 0.046875
7.42773 7.64063 0.0566406 0.046875
7.48438 7.5 0.0566406 0.046875
7.48438 7.54688 0.0566406 0.046875
7.54102 7.5 0.0566406 0.046875
7.54102 7.54688 0.0566406 0.046875
7.48438 7.59375 0.0566406 0.046875
7.48438 7.64063 0.0566406 0.046875
7.59766 7.5 0.0566406 0.046875
7.59766 7.54688 0.0566406 0.046875
7.6543 7.5 0.0566406 0.046875
7.6543 7.54688 0.0566406 0.046875
7.71094 7.5 0.0566406 0.046875
7.71094 7.54688 0.0566406 0.046875
7.76758 7.5 0.0566406 0.046875
7.76758 7.54688 0.0566406 0.046875
7.88086 8.90625 0.0566406 0.046875
7.88086 8.95313 0.0566406 0.046875
7.99414 7.3125 0.0566406 0.046875
7.99414 7.35938 0.0566406 0.046875
7.9375 7.40625 0.0566406 0.046875
7.9375 7.45313 0.0566406 0.046875
7.99414 7.40625 0.0566406 0.046875
7.99414 7.45313 0.0566406 0.046875
8.05078 7.3125 0.0566406 0.046875
8.05078 7.35938 0.0566406 0.046875
8.10742 7.3125 0.0566406 0.046875
8.10742 7.35938 0.0566406 0.046875
8.2207 7.21875 0.0566406 0.046875
8.2207 7.26563 0.0566406 0.046875
8.27734 7.21875 0.0566406 0.046875
8.27734 7.26563 0.0566406 0.046875
8.33398 7.21875 0.0566406 0.046875
8.33398 7.26563 0.0566406 0.046875
8.16406 7.3125 0.0566406 0.046875
8.16406 7.35938 0.0566406 0.046875
8.2207 7.3125 0.0566406 0.046875
8.2207 7.35938 0.0566406 0.046875
8.61719 7.03125 0.0566406 0.046875
8.61719 7.07813 0.0566406 0.046875
8.67383 7.03125 0.0566406 0.046875
8.67383 7.07813 0.0566406 0.046875
8.78711 6.9375 0.0566406 0.046875
8.78711 6.98438 0.0566406 0.046875
8.73047 7.03125 0.0566406 0.046875
8.73047 7.07813 0.0566406 0.046875
8.78711 7.03125 0.0566406 0.046875
8.78711 7.07813 0.0566406 0.046875
8.44727 7.125 0.0566406 0.046875
8.44727 7.17188 0.0566406 0.046875
8.39063 7.21875 0.0566406 0.046875
8.39063 7.26563 0.0566406 0.046875
8.44727 7.21875 0.0566406 0.046875
8.44727 7.26563 0.0566406 0.046875
8.50391 7.125 0.0566406 0.046875
8.50391 7.17188 0.0566406 0.046875
8.56055 7.125 0.0566406 0.046875
8.56055 7.17188 0.0566406 0.046875
8.61719 7.125 0.0566406 0.046875
8.61719 7.17188 0.0566406 0.046875
9.24023 6.65625 0.0566406 0.046875
9.24023 6.70313 0.0566406 0.046875
9.29688 6.65625 0.0566406 0.046875
9.29688 6.70313 0.0566406 0.046875
9.35352 6.65625 0.0566406 0.046875
9.35352 6.70313 0.0566406 0.046875
9.41016 6.5625 0.0566406 0.046875
9.41016 6.60938 0.0566406 0.046875
9.4668 6.5625 0.0566406 0.046875
9.4668 6.60938 0.0566406 0.046875
9.41016 6.65625 0.0566406 0.046875
9.41016 6.70313 0.0566406 0.046875
9.52344 6.46875 0.0566406 0.046875
9.52344 6.51563 0.0566406 0.046875
9.58008 6.46875 0.0566406 0.046875
9.58008 6.51563 0.0566406 0.046875
9.69336 6.375 0.0566406 0.046875
9.69336 6.42188 0.0566406 0.046875
9.63672 6.46875 0.0566406 0.046875
9.63672 6.51563 0.0566406 0.046875
9.69336 6.46875 0.0566406 0.046875
9.69336 6.51563 0.0566406 0.046875
9.52344 6.5625 0.0566406 0.046875
9.52344 6.60938 0.0566406 0.046875
8.95703 6.84375 0.0566406 0.046875
8.95703 6.89063 0.0566406 0.046875
9.01367 6.84375 0.0566406 0.046875
9.01367 6.89063 0.0566406 0.046875
8.84375 6.9375 0.0566406 0.046875
8.84375 6.98438 0.0566406 0.046875
8.90039 6.9375 0.0566406 0.046875
8.90039 6.98438 0.0566406 0.046875
8.95703 6.9375 0.0566406 0.046875
8.95703 6.98438 0.0566406 0.046875
9.12695 6.75 0.0566406 0.046875
9.12695 6.79688 0.0566406 0.046875
9.07031 6.84375 0.0566406 0.046875
9.07031 6.89063 0.0566406 0.046875
9.12695 6.84375 0.0566406 0.046875
9.12695 6.89063 0.0566406 0.046875
9.18359 6.75 0.0566406 0.046875
9.18359 6.79688 0.0566406 0.046875
9.24023 6.75 0.0566406 0.046875
9.24023 6.79688 0.0566406 0.046875
9.69336 6.9375 0.0566406 0.046875
9.69336 6.98438 0.0566406 0.046875
9.63672 7.03125 0.0566406 0.046875
9.63672 7.07813 0.0566406 0.046875
9.69336 7.03125 0.0566406 0.046875
9.69336 7.07813 0.0566406 0.046875
9.4668 7.21875 0.0566406 0.046875
9.4668 7.26563 0.0566406 0.046875
9.35352 7.40625 0.0566406 0.046875
9.35352 7.45313 0.0566406 0.046875
9.41016 7.3125 0.0566406 0.046875
9.41016 7.35938 0.0566406 0.046875
9.4668 7.3125 0.0566406 0.046875
9.4668 7.35938 0.0566406 0.046875
9.41016 7.40625 0.0566406 0.046875
9.41016 7.45313 0.0566406 0.046875
9.58008 7.125 0.0566406 0.046875
9.58008 7.17188 0.0566406 0.046875
9.52344 7.21875 0.0566406 0.046875
9.52344 7.26563 0.0566406 0.046875
9.58008 7.21875 0.0566406 0.046875
9.58008 7.26563 0.0566406 0.046875
9.63672 7.125 0.0566406 0.046875
9.63672 7.17188 0.0566406 0.046875
8.67383 8.15625 0.0566406 0.046875
8.67383 8.20313 0.0566406 0.046875
8.78711 8.0625 0.0566406 0.046875
8.78711 8.10938 0.0566406 0.046875
8.73047 8.15625 0.0566406 0.046875
8.73047 8.20313 0.0566406 0.046875
8.78711 8.15625 0.0566406 0.046875
8.78711 8.20313 0.0566406 0.046875
8.33398 8.53125 0.0566406 0.046875
8.33398 8.57813 0.0566406 0.046875
8.10742 8.71875 0.0566406 0.046875
8.10742 8.76563 0.0566406 0.046875
7.99414 8.8125 0.0566406 0.046875
7.99414 8.85938 0.0566406 0.046875
7.9375 8.90625 0.0566406 0.046875
7.9375 8.95313 0.0566406 0.046875
7.99414 8.90625 0.0566406 0.046875
7.99414 8.95313 0.0566406 0.046875
8.05078 8.8125 0.0566406 0.046875
8.05078 8.85938 0.0566406 0.046875
8.10742 8.8125 0.0566406 0.046875
8.10742 8.85938 0.0566406 0.046875
8.2207 8.625 0.0566406 0.046875
8.2207 8.67188 0.0566406 0.046875
8.16406 8.71875 0.0566406 0.046875
8.16406 8.76563 0.0566406 0.046875
8.2207 8.71875 0.0566406 0.046875
8.2207 8.76563 0.0566406 0.046875
8.27734 8.625 0.0566406 0.046875
8.27734 8.67188 0.0566406 0.046875
8.33398 8.625 0.0566406 0.046875
8.33398 8.67188 0.0566406 0.046875
8.50391 8.34375 0.0566406 0.046875
8.50391 8.39063 0.0566406 0.046875
8.56055 8.34375 0.0566406 0.046875
8.56055 8.39063 0.0566406 0.046875
8.39063 8.4375 0.0566406 0.046875
8.39063 8.48438 0.0566406 0.046875
8.44727 8.4375 0.0566406 0.046875
8.44727 8.48438 0.0566406 0.046875
8.39063 8.53125 0.0566406 0.046875
8.39063 8.57813 0.0566406 0.046875
8.50391 8.4375 0.0566406 0.046875
8.50391 8.48438 0.0566406 0.046875
8.61719 8.25 0.0566406 0.046875
8.61719 8.29688 0.0566406 0.046875
8.67383 8.25 0.0566406 0.046875
8.67383 8.29688 0.0566406 0.046875
8.61719 8.34375 0.0566406 0.046875
8.61719 8.39063 0.0566406 0.046875
9.01367 7.78125 0.0566406 0.046875
9.01367 7.82813 0.0566406 0.046875
9.24023 7.5 0.0566406 0.046875
9.24023 7.54688 0.0566406 0.046875
9.18359 7.59375 0.0566406 0.046875
9.18359 7.64063 0.0566406 0.046875
9.24023 7.59375 0.0566406 0.046875
9.24023 7.64063 0.0566406 0.046875
9.12695 7.6875 0.0566406 0.046875
9.12695 7.73438 0.0566406 0.046875
9.07031 7.78125 0.0566406 0.046875
9.07031 7.82813 0.0566406 0.046875
9.12695 7.78125 0.0566406 0.046875
9.12695 7.82813 0.0566406 0.046875
9.18359 7.6875 0.0566406 0.046875
9.18359 7.73438 0.0566406 0.046875
8.84375 7.96875 0.0566406 0.046875
8.84375 8.01563 0.0566406 0.046875
8.90039 7.96875 0.0566406 0.046875
8.90039 8.01563 0.0566406 0.046875
8.95703 7.875 0.0566406 0.046875
8.95703 7.92188 0.0566406 0.046875
9.01367 7.875 0.0566406 0.046875
9.01367 7.92188 0.0566406 0.046875
8.95703 7.96875 0.0566406 0.046875
8.95703 8.01563 0.0566406 0.046875
8.84375 8.0625 0.0566406 0.046875
8.84375 8.10938 0.0566406 0.046875
9.29688 7.5 0.0566406 0.046875
9.29688 7.54688 0.0566406 0.046875
9.35352 7.5 0.0566406 0.046875
9.35352 7.54688 0.0566406 0.046875
6.97461 9.65625 0.0566406 0.046875
6.97461 9.70313 0.0566406 0.046875
6.4082 10.0313 0.0566406 0.046875
6.4082 10.0781 0.0566406 0.046875
6.46484 10.0313 0.0566406 0.046875
6.46484 10.0781 0.0566406 0.046875
6.52148 10.0313 0.0566406 0.046875
6.52148 10.0781 0.0566406 0.046875
6.125 10.2188 0.0566406 0.046875
6.125 10.2656 0.0566406 0.046875
6.18164 10.2188 0.0566406 0.046875
6.18164 10.2656 0.0566406 0.046875
6.23828 10.125 0.0566406 0.046875
6.23828 10.1719 0.0566406 0.046875
6.29492 10.125 0.0566406 0.046875
6.29492 10.1719 0.0566406 0.046875
6.23828 10.2188 0.0566406 0.046875
6.23828 10.2656 0.0566406 0.046875
6.125 10.3125 0.0566406 0.046875
6.125 10.3594 0.0566406 0.046875
6.35156 10.125 0.0566406 0.046875
6.35156 10.1719 0.0566406 0.046875
6.4082 10.125 0.0566406 0.046875
6.4082 10.1719 0.0566406 0.046875
6.69141 9.84375 0.0566406 0.046875
6.69141 9.89063 0.0566406 0.046875
6.74805 9.84375 0.0566406 0.046875
6.74805 9.89063 0.0566406 0.046875
6.57813 9.9375 0.0566406 0.046875
6.57813 9.98438 0.0566406 0.046875
6.63477 9.9375 0.0566406 0.046875
6.63477 9.98438 0.0566406 0.046875
6.57813 10.0313 0.0566406 0.046875
6.57813 10.0781 0.0566406 0.046875
6.69141 9.9375 0.0566406 0.046875
6.69141 9.98438 0.0566406 0.046875
6.86133 9.75 0.0566406 0.046875
6.86133 9.79688 0.0566406 0.046875
6.80469 9.84375 0.0566406 0.046875
6.80469 9.89063 0.0566406 0.046875
6.86133 9.84375 0.0566406 0.046875
6.86133 9.89063 0.0566406 0.046875
6.91797 9.75 0.0566406 0.046875
6.91797 9.79688 0.0566406 0.046875
6.97461 9.75 0.0566406 0.046875
6.97461 9.79688 0.0566406 0.046875
7.20117 9.46875 0.0566406 0.046875
7.20117 9.51563 0.0566406 0.046875
7.08789 9.5625 0.0566406 0.046875
7.08789 9.60938 0.0566406 0.046875
7.03125 9.65625 0.0566406 0.046875
7.03125 9.70313 0.0566406 0.046875
7.08789 9.65625 0.0566406 0.046875
7.08789 9.70313 0.0566406 0.046875
7.14453 9.5625 0.0566406 0.046875
7.14453 9.60938 0.0566406 0.046875
7.20117 9.5625 0.0566406 0.046875
7.20117 9.60938 0.0566406 0.046875
7.25781 9.46875 0.0566406 0.046875
7.25781 9.51563 0.0566406 0.046875
7.31445 9.46875 0.0566406 0.046875
7.31445 9.51563 0.0566406 0.046875
7.37109 9.375 0.0566406 0.046875
7.37109 9.42188 0.0566406 0.046875
7.42773 9.375 0.0566406 0.046875
7.42773 9.42188 0.0566406 0.046875
7.37109 9.46875 0.0566406 0.046875
7.37109 9.51563 0.0566406 0.046875
7.48438 9.28125 0.0566406 0.046875
7.48438 9.32813 0.0566406 0.046875
7.54102 9.28125 0.0566406 0.046875
7.54102 9.32813 0.0566406 0.046875
7.59766 9.1875 0.0566406 0.046875
7.59766 9.23438 0.0566406 0.046875
7.6543 9.1875 0.0566406 0.046875
7.6543 9.23438 0.0566406 0.046875
7.59766 9.28125 0.0566406 0.046875
7.59766 9.32813 0.0566406 0.046875
7.71094 9.09375 0.0566406 0.046875
7.71094 9.14063 0.0566406 0.046875
7.76758 9.09375 0.0566406 0.046875
7.76758 9.14063 0.0566406 0.046875
7.82422 9 0.0566406 0.046875
7.82422 9.04688 0.0566406 0.046875
7.88086 9 0.0566406 0.046875
7.88086 9.04688 0.0566406 0.046875
7.82422 9.09375 0.0566406 0.046875
7.82422 9.14063 0.0566406 0.046875
7.71094 9.1875 0.0566406 0.046875
7.71094 9.23438 0.0566406 0.046875
7.48438 9.375 0.0566406 0.046875
7.48438 9.42188 0.0566406 0.046875
10.2598 5.90625 0.0566406 0.046875
10.2598 5.95313 0.0566406 0.046875
10.373 5.8125 0.0566406 0.046875
10.373 5.85938 0.0566406 0.046875
10.3164 5.90625 0.0566406 0.046875
10.3164 5.95313 0.0566406 0.046875
10.373 5.90625 0.0566406 0.046875
10.373 5.95313 0.0566406 0.046875
10.4863 5.71875 0.0566406 0.046875
10.4863 5.76563 0.0566406 0.046875
10.543 5.625 0.0566406 0.046875
10.543 5.67188 0.0566406 0.046875
10.5996 5.625 0.0566406 0.046875
10.5996 5.67188 0.0566406 0.046875
10.543 5.71875 0.0566406 0.046875
10.543 5.76563 0.0566406 0.046875
10.4297 5.8125 0.0566406 0.046875
10.4297 5.85938 0.0566406 0.046875
10.4863 5.8125 0.0566406 0.046875
10.4863 5.85938 0.0566406 0.046875
10.4297 5.90625 0.0566406 0.046875
10.4297 5.95313 0.0566406 0.046875
9.80664 6.28125 0.0566406 0.046875
9.80664 6.32813 0.0566406 0.046875
9.91992 6.1875 0.0566406 0.046875
9.91992 6.23438 0.0566406 0.046875
9.86328 6.28125 0.0566406 0.046875
9.86328 6.32813 0.0566406 0.046875
9.91992 6.28125 0.0566406 0.046875
9.91992 6.32813 0.0566406 0.046875
10.0332 6.09375 0.0566406 0.046875
10.0332 6.14063 0.0566406 0.046875
10.1465 6 0.0566406 0.046875
10.1465 6.04688 0.0566406 0.046875
10.0898 6.09375 0.0566406 0.046875
10.0898 6.14063 0.0566406 0.046875
10.1465 6.09375 0.0566406 0.046875
10.1465 6.14063 0.0566406 0.046875
9.97656 6.1875 0.0566406 0.046875
9.97656 6.23438 0.0566406 0.046875
10.0332 6.1875 0.0566406 0.046875
10.0332 6.23438 0.0566406 0.046875
10.1465 6.28125 0.0566406 0.046875
10.1465 6.32813 0.0566406 0.046875
9.75 6.375 0.0566406 0.046875
9.75 6.42188 0.0566406 0.046875
9.80664 6.375 0.0566406 0.046875
9.80664 6.42188 0.0566406 0.046875
9.91992 6.65625 0.0566406 0.046875
9.91992 6.70313 0.0566406 0.046875
10.0332 6.46875 0.0566406 0.046875
10.0332 6.51563 0.0566406 0.046875
10.0898 6.375 0.0566406 0.046875
10.0898 6.42188 0.0566406 0.046875
10.1465 6.375 0.0566406 0.046875
10.1465 6.42188 0.0566406 0.046875
10.0898 6.46875 0.0566406 0.046875
10.0898 6.51563 0.0566406 0.046875
9.97656 6.5625 0.0566406 0.046875
9.97656 6.60938 0.0566406 0.046875
10.0332 6.5625 0.0566406 0.046875
10.0332 6.60938 0.0566406 0.046875
9.97656 6.65625 0.0566406 0.046875
9.97656 6.70313 0.0566406 0.046875
10.2031 6 0.0566406 0.046875
10.2031 6.04688 0.0566406 0.046875
10.2598 6 0.0566406 0.046875
10.2598 6.04688 0.0566406 0.046875
10.2598 6.09375 0.0566406 0.046875
10.2598 6.14063 0.0566406 0.046875
10.3164 6 0.0566406 0.046875
10.3164 6.04688 0.0566406 0.046875
10.373 6 0.0566406 0.046875
10.373 6.04688 0.0566406 0.046875
10.3164 6.09375 0.0566406 0.046875
10.3164 6.14063 0.0566406 0.046875
10.2031 6.1875 0.0566406 0.046875
10.2031 6.23438 0.0566406 0.046875
10.2598 6.1875 0.0566406 0.046875
10.2598 6.23438 0.0566406 0.046875
10.2031 6.28125 0.0566406 0.046875
10.2031 6.32813 0.0566406 0.046875
9.80664 6.75 0.0566406 0.046875
9.80664 6.79688 0.0566406 0.046875
9.75 6.84375 0.0566406 0.046875
9.75 6.89063 0.0566406 0.046875
9.80664 6.84375 0.0566406 0.046875
9.80664 6.89063 0.0566406 0.046875
9.86328 6.75 0.0566406 0.046875
9.86328 6.79688 0.0566406 0.046875
9.91992 6.75 0.0566406 0.046875
9.91992 6.79688 0.0566406 0.046875
9.75 6.9375 0.0566406 0.046875
9.75 6.98438 0.0566406 0.046875
